10
5
1 0.1 -0.5 0.1 0.2 0 5
1 0.3 -0.5 0.3 0.2 0 5
5 0.5 -0.5 0.5 0.2 0 5
1 0.7 -0.5 0.7 0.2 0 5
1 0.9 -0.5 0.9 0.2 0 5
5
2 0.1 -0.5 0.1 0.2 0 5
3 0.3 -0.5 0.3 0.2 0 5
2 0.5 -0.5 0.5 0.2 0 5
3 0.7 -0.5 0.7 0.2 0 5
2 0.9 -0.5 0.9 0.2 0 5
3
2 0.1 -0.5 0.1 0.1 0 5
4 0.5 -0.5 0.5 0.2 0 5
2 0.9 -0.5 0.9 0.1 0 5
2
3 0.3 -0.5 0.3 0.2 0 5
5 0.7 -0.5 0.7 0.2 0 5
1
5 0.5 -0.5 0.5 0.2 0 5
5
1 0.1 -0.5 0.1 0.2 0 5
2 0.3 -0.5 0.3 0.2 0 5
1 0.5 -0.5 0.5 0.2 0 5
2 0.7 -0.5 0.7 0.2 0 5
1 0.9 -0.5 0.9 0.2 0 5
4
4 0.1 -0.5 0.1 0.2 0 5
3 0.3 -0.5 0.3 0.2 0 5
3 0.5 -0.5 0.5 0.2 0 5
4 0.7 -0.5 0.7 0.2 0 5
3
3 0.2 -0.5 0.2 0.2 0 5
5 0.5 -0.5 0.5 0.2 0 5
3 0.8 -0.5 0.8 0.2 0 5
3
4 0.2 -0.5 0.2 0.2 0 5
5 0.5 -0.5 0.5 0.2 0 5
4 0.8 -0.5 0.8 0.2 0 5
5
1 0.1 -0.5 0.1 0.2 0 5
1 0.3 -0.5 0.3 0.2 0 5
3 0.5 -0.5 0.5 0.2 0 5
1 0.7 -0.5 0.7 0.2 0 5
1 0.9 -0.5 0.9 0.2 0 5